x is :
[-1.47524752  0.95049505 -1.42574257  0.9009901  -1.37623762  0.85148515
 -1.32673267  0.8019802  -1.27722772  0.75247525 -1.22772277  0.7029703
 -1.17821782  0.65346535 -1.12871287  0.6039604  -1.07920792  0.55445545
 -1.02970297  0.5049505  -0.98019802  0.45544554 -0.93069307  0.40594059
 -0.88118812  0.35643564 -0.83168317  0.30693069 -0.78217822  0.25742574
 -0.73267327  0.20792079 -0.68316832  0.15841584 -0.63366337  0.10891089
 -0.58415842  0.05940594 -0.53465347  0.00990099 -0.48514851 -0.03960396
 -0.43564356 -0.08910891 -0.38613861 -0.13861386 -0.33663366 -0.18811881
 -0.28712871 -0.23762376 -0.23762376 -0.28712871 -0.18811881 -0.33663366
 -0.13861386 -0.38613861 -0.08910891 -0.43564356 -0.03960396 -0.48514851
  0.00990099 -0.53465347  0.05940594 -0.58415842  0.10891089 -0.63366337
  0.15841584 -0.68316832  0.20792079 -0.73267327  0.25742574 -0.78217822
  0.30693069 -0.83168317  0.35643564 -0.88118812  0.40594059 -0.93069307
  0.45544554 -0.98019802  0.5049505  -1.02970297  0.55445545 -1.07920792
  0.6039604  -1.12871287  0.65346535 -1.17821782  0.7029703  -1.22772277
  0.75247525 -1.27722772  0.8019802  -1.32673267  0.85148515 -1.37623762
  0.9009901  -1.42574257  0.95049505 -1.47524752]


residual 0.809640904753
Processing time is : 0.000010
