[[  1.   1.   3.]
 [  2.   0.  14.]
 [  3.  inf -inf]]
[[  1.]
 [  4.]
 [-inf]]
[ nan  nan  nan]
[[  3.           6.           4.        ]
 [  0.66666667  -2.          17.33333333]
 [  0.33333333   0.5         -7.        ]]
[[ 13.        ]
 [ -2.66666667]
 [ -2.        ]]
[-3.66666667  3.80952381  0.28571429]


residual [[  3.           6.           4.        ]
 [  0.22222222  -3.33333333  16.44444444]
 [  0.11111111   0.05        -8.26666667]]
[[ 13.        ]
 [ -5.55555556]
 [ -3.16666667]]
1.75123948279
Processing time is : 0.000001
