[[  1.00000000e+00   1.00000000e+00   3.00000000e+00]
 [  2.00000000e+00  -8.88178420e-16   1.40000000e+01]
 [  3.00000000e+00  -3.37769972e+15   4.72877961e+16]]
[[  1.00000000e+00]
 [  4.00000000e+00]
 [  1.35107989e+16]]
[-3.85714286  4.          0.28571429]
[[  3.           6.           4.        ]
 [  0.66666667  -2.          17.33333333]
 [  0.33333333   0.5         -7.        ]]
[[ 13.        ]
 [ -2.66666667]
 [ -2.        ]]
[-3.66666667  3.80952381  0.28571429]


residual [[  3.           6.           4.        ]
 [  0.22222222  -3.33333333  16.44444444]
 [  0.11111111   0.05        -8.26666667]]
[[ 13.        ]
 [ -5.55555556]
 [ -3.16666667]]
1.75123948279
Processing time is : 0.000002
