[[  1.00000000e-20   0.00000000e+00   1.00000000e+00]
 [  1.00000000e+20   1.00000000e+20  -1.00000000e+20]
 [  0.00000000e+00   1.00000000e-20   0.00000000e+00]]
[[ 0.]
 [ 0.]
 [ 1.]]
[ nan  inf  inf]
[[  1.00000000e+00   1.00000000e+20   1.00000000e+00]
 [  1.00000000e-20  -1.00000000e+00   1.00000000e+00]
 [  0.00000000e+00  -1.00000000e+00   0.00000000e+00]]
[[ 0.]
 [ 0.]
 [ 1.]]
[-inf  inf  inf]


residual [[  1.00000000e+00   1.00000000e+20   1.00000000e+00]
 [  1.00000000e-20  -2.00000000e+00   1.00000000e+00]
 [  0.00000000e+00   5.00000000e-01  -5.00000000e-01]]
[[ 0.]
 [ 0.]
 [ 1.]]
1.9364916731e-20
Processing time is : 0.000001
