[[-2.         -1.          0.         ...,  0.          0.          0.        ]
 [ 0.5        -1.5        -1.         ...,  0.          0.          0.        ]
 [-0.          0.66666667 -1.33333333 ...,  0.          0.          0.        ]
 ..., 
 [-0.         -0.         -0.         ..., -1.01020408 -1.          0.        ]
 [-0.         -0.         -0.         ...,  0.98989899 -1.01010101 -1.        ]
 [-0.         -0.         -0.         ..., -0.          0.99       -1.01      ]]
[[ 2.        ]
 [ 0.        ]
 [ 1.        ]
 [ 0.25      ]
 [ 0.8       ]
 [ 0.33333333]
 [ 0.71428571]
 [ 0.375     ]
 [ 0.66666667]
 [ 0.4       ]
 [ 0.63636364]
 [ 0.41666667]
 [ 0.61538462]
 [ 0.42857143]
 [ 0.6       ]
 [ 0.4375    ]
 [ 0.58823529]
 [ 0.44444444]
 [ 0.57894737]
 [ 0.45      ]
 [ 0.57142857]
 [ 0.45454545]
 [ 0.56521739]
 [ 0.45833333]
 [ 0.56      ]
 [ 0.46153846]
 [ 0.55555556]
 [ 0.46428571]
 [ 0.55172414]
 [ 0.46666667]
 [ 0.5483871 ]
 [ 0.46875   ]
 [ 0.54545455]
 [ 0.47058824]
 [ 0.54285714]
 [ 0.47222222]
 [ 0.54054054]
 [ 0.47368421]
 [ 0.53846154]
 [ 0.475     ]
 [ 0.53658537]
 [ 0.47619048]
 [ 0.53488372]
 [ 0.47727273]
 [ 0.53333333]
 [ 0.47826087]
 [ 0.53191489]
 [ 0.47916667]
 [ 0.53061224]
 [ 0.48      ]
 [ 0.52941176]
 [ 0.48076923]
 [ 0.52830189]
 [ 0.48148148]
 [ 0.52727273]
 [ 0.48214286]
 [ 0.52631579]
 [ 0.48275862]
 [ 0.52542373]
 [ 0.48333333]
 [ 0.52459016]
 [ 0.48387097]
 [ 0.52380952]
 [ 0.484375  ]
 [ 0.52307692]
 [ 0.48484848]
 [ 0.52238806]
 [ 0.48529412]
 [ 0.52173913]
 [ 0.48571429]
 [ 0.52112676]
 [ 0.48611111]
 [ 0.52054795]
 [ 0.48648649]
 [ 0.52      ]
 [ 0.48684211]
 [ 0.51948052]
 [ 0.48717949]
 [ 0.51898734]
 [ 0.4875    ]
 [ 0.51851852]
 [ 0.48780488]
 [ 0.51807229]
 [ 0.48809524]
 [ 0.51764706]
 [ 0.48837209]
 [ 0.51724138]
 [ 0.48863636]
 [ 0.51685393]
 [ 0.48888889]
 [ 0.51648352]
 [ 0.48913043]
 [ 0.51612903]
 [ 0.4893617 ]
 [ 0.51578947]
 [ 0.48958333]
 [ 0.51546392]
 [ 0.48979592]
 [ 0.51515152]
 [ 1.49      ]]
[-1.47524752  0.95049505 -1.42574257  0.9009901  -1.37623762  0.85148515
 -1.32673267  0.8019802  -1.27722772  0.75247525 -1.22772277  0.7029703
 -1.17821782  0.65346535 -1.12871287  0.6039604  -1.07920792  0.55445545
 -1.02970297  0.5049505  -0.98019802  0.45544554 -0.93069307  0.40594059
 -0.88118812  0.35643564 -0.83168317  0.30693069 -0.78217822  0.25742574
 -0.73267327  0.20792079 -0.68316832  0.15841584 -0.63366337  0.10891089
 -0.58415842  0.05940594 -0.53465347  0.00990099 -0.48514851 -0.03960396
 -0.43564356 -0.08910891 -0.38613861 -0.13861386 -0.33663366 -0.18811881
 -0.28712871 -0.23762376 -0.23762376 -0.28712871 -0.18811881 -0.33663366
 -0.13861386 -0.38613861 -0.08910891 -0.43564356 -0.03960396 -0.48514851
  0.00990099 -0.53465347  0.05940594 -0.58415842  0.10891089 -0.63366337
  0.15841584 -0.68316832  0.20792079 -0.73267327  0.25742574 -0.78217822
  0.30693069 -0.83168317  0.35643564 -0.88118812  0.40594059 -0.93069307
  0.45544554 -0.98019802  0.5049505  -1.02970297  0.55445545 -1.07920792
  0.6039604  -1.12871287  0.65346535 -1.17821782  0.7029703  -1.22772277
  0.75247525 -1.27722772  0.8019802  -1.32673267  0.85148515 -1.37623762
  0.9009901  -1.42574257  0.95049505 -1.47524752]
[[-2.         -1.          0.         ...,  0.          0.          0.        ]
 [ 0.5        -1.5        -1.         ...,  0.          0.          0.        ]
 [-0.          0.66666667 -1.33333333 ...,  0.          0.          0.        ]
 ..., 
 [-0.         -0.         -0.         ..., -1.01020408 -1.          0.        ]
 [-0.         -0.         -0.         ...,  0.98989899 -1.01010101 -1.        ]
 [-0.         -0.         -0.         ..., -0.          0.99       -1.01      ]]
[[ 2.        ]
 [ 0.        ]
 [ 1.        ]
 [ 0.25      ]
 [ 0.8       ]
 [ 0.33333333]
 [ 0.71428571]
 [ 0.375     ]
 [ 0.66666667]
 [ 0.4       ]
 [ 0.63636364]
 [ 0.41666667]
 [ 0.61538462]
 [ 0.42857143]
 [ 0.6       ]
 [ 0.4375    ]
 [ 0.58823529]
 [ 0.44444444]
 [ 0.57894737]
 [ 0.45      ]
 [ 0.57142857]
 [ 0.45454545]
 [ 0.56521739]
 [ 0.45833333]
 [ 0.56      ]
 [ 0.46153846]
 [ 0.55555556]
 [ 0.46428571]
 [ 0.55172414]
 [ 0.46666667]
 [ 0.5483871 ]
 [ 0.46875   ]
 [ 0.54545455]
 [ 0.47058824]
 [ 0.54285714]
 [ 0.47222222]
 [ 0.54054054]
 [ 0.47368421]
 [ 0.53846154]
 [ 0.475     ]
 [ 0.53658537]
 [ 0.47619048]
 [ 0.53488372]
 [ 0.47727273]
 [ 0.53333333]
 [ 0.47826087]
 [ 0.53191489]
 [ 0.47916667]
 [ 0.53061224]
 [ 0.48      ]
 [ 0.52941176]
 [ 0.48076923]
 [ 0.52830189]
 [ 0.48148148]
 [ 0.52727273]
 [ 0.48214286]
 [ 0.52631579]
 [ 0.48275862]
 [ 0.52542373]
 [ 0.48333333]
 [ 0.52459016]
 [ 0.48387097]
 [ 0.52380952]
 [ 0.484375  ]
 [ 0.52307692]
 [ 0.48484848]
 [ 0.52238806]
 [ 0.48529412]
 [ 0.52173913]
 [ 0.48571429]
 [ 0.52112676]
 [ 0.48611111]
 [ 0.52054795]
 [ 0.48648649]
 [ 0.52      ]
 [ 0.48684211]
 [ 0.51948052]
 [ 0.48717949]
 [ 0.51898734]
 [ 0.4875    ]
 [ 0.51851852]
 [ 0.48780488]
 [ 0.51807229]
 [ 0.48809524]
 [ 0.51764706]
 [ 0.48837209]
 [ 0.51724138]
 [ 0.48863636]
 [ 0.51685393]
 [ 0.48888889]
 [ 0.51648352]
 [ 0.48913043]
 [ 0.51612903]
 [ 0.4893617 ]
 [ 0.51578947]
 [ 0.48958333]
 [ 0.51546392]
 [ 0.48979592]
 [ 0.51515152]
 [ 1.49      ]]
[-1.47524752  0.95049505 -1.42574257  0.9009901  -1.37623762  0.85148515
 -1.32673267  0.8019802  -1.27722772  0.75247525 -1.22772277  0.7029703
 -1.17821782  0.65346535 -1.12871287  0.6039604  -1.07920792  0.55445545
 -1.02970297  0.5049505  -0.98019802  0.45544554 -0.93069307  0.40594059
 -0.88118812  0.35643564 -0.83168317  0.30693069 -0.78217822  0.25742574
 -0.73267327  0.20792079 -0.68316832  0.15841584 -0.63366337  0.10891089
 -0.58415842  0.05940594 -0.53465347  0.00990099 -0.48514851 -0.03960396
 -0.43564356 -0.08910891 -0.38613861 -0.13861386 -0.33663366 -0.18811881
 -0.28712871 -0.23762376 -0.23762376 -0.28712871 -0.18811881 -0.33663366
 -0.13861386 -0.38613861 -0.08910891 -0.43564356 -0.03960396 -0.48514851
  0.00990099 -0.53465347  0.05940594 -0.58415842  0.10891089 -0.63366337
  0.15841584 -0.68316832  0.20792079 -0.73267327  0.25742574 -0.78217822
  0.30693069 -0.83168317  0.35643564 -0.88118812  0.40594059 -0.93069307
  0.45544554 -0.98019802  0.5049505  -1.02970297  0.55445545 -1.07920792
  0.6039604  -1.12871287  0.65346535 -1.17821782  0.7029703  -1.22772277
  0.75247525 -1.27722772  0.8019802  -1.32673267  0.85148515 -1.37623762
  0.9009901  -1.42574257  0.95049505 -1.47524752]


 residual [[-2.         -1.          0.         ...,  0.          0.          0.        ]
 [-0.25       -1.75       -1.         ...,  0.          0.          0.        ]
 [ 0.         -0.38095238 -1.71428571 ...,  0.          0.          0.        ]
 ..., 
 [ 0.         -0.          0.         ..., -1.6208557  -1.          0.        ]
 [ 0.         -0.          0.         ..., -0.61072617 -1.62082718 -1.        ]
 [ 0.         -0.          0.         ..., -0.         -0.61079923
  -1.62079923]]
[[ 2.        ]
 [ 0.5       ]
 [ 1.19047619]
 [ 0.77083333]
 [ 1.1654321 ]
 [ 0.91347099]
 [ 1.18469523]
 [ 1.00028157]
 [ 1.20462615]
 [ 1.05749951]
 [ 1.22049058]
 [ 1.09749176]
 [ 1.2326723 ]
 [ 1.12677863]
 [ 1.24209943]
 [ 1.14905114]
 [ 1.24953238]
 [ 1.16651843]
 [ 1.25551269]
 [ 1.18056695]
 [ 1.26041576]
 [ 1.19210363]
 [ 1.26450323]
 [ 1.20174361]
 [ 1.26796056]
 [ 1.20991763]
 [ 1.27092186]
 [ 1.21693571]
 [ 1.27348615]
 [ 1.22302649]
 [ 1.27572792]
 [ 1.22836214]
 [ 1.27770422]
 [ 1.23307477]
 [ 1.27945946]
 [ 1.2372674 ]
 [ 1.28102868]
 [ 1.24102154]
 [ 1.28243992]
 [ 1.24440253]
 [ 1.28371585]
 [ 1.24746335]
 [ 1.28487501]
 [ 1.25024739]
 [ 1.28593272]
 [ 1.25279057]
 [ 1.28690173]
 [ 1.25512284]
 [ 1.28779272]
 [ 1.25726937]
 [ 1.28861476]
 [ 1.25925151]
 [ 1.28937553]
 [ 1.26108743]
 [ 1.29008165]
 [ 1.26279274]
 [ 1.29073878]
 [ 1.26438089]
 [ 1.29135186]
 [ 1.26586356]
 [ 1.29192517]
 [ 1.2672509 ]
 [ 1.29246245]
 [ 1.26855184]
 [ 1.29296699]
 [ 1.26977419]
 [ 1.2934417 ]
 [ 1.27092487]
 [ 1.29388915]
 [ 1.27201   ]
 [ 1.29431162]
 [ 1.27303502]
 [ 1.29471114]
 [ 1.27400479]
 [ 1.29508953]
 [ 1.27492367]
 [ 1.29544843]
 [ 1.27579556]
 [ 1.2957893 ]
 [ 1.27662397]
 [ 1.29611347]
 [ 1.27741207]
 [ 1.29642213]
 [ 1.27816274]
 [ 1.29671637]
 [ 1.27887858]
 [ 1.29699719]
 [ 1.27956196]
 [ 1.29726547]
 [ 1.28021503]
 [ 1.29752204]
 [ 1.28083978]
 [ 1.29776764]
 [ 1.281438  ]
 [ 1.29800298]
 [ 1.28201135]
 [ 1.29822867]
 [ 1.28256135]
 [ 1.29844529]
 [ 2.28308939]]
1.78093355919
Processing time is : 0.000011
