A : 
[[-2. -1.  0. ...,  0.  0.  0.]
 [-1. -2. -1. ...,  0.  0.  0.]
 [ 0. -1. -2. ...,  0.  0.  0.]
 ..., 
 [ 0.  0.  0. ..., -2. -1.  0.]
 [ 0.  0.  0. ..., -1. -2. -1.]
 [ 0.  0.  0. ...,  0. -1. -2.]]
b : 
[[ 2.]
 [ 1.]
 [ 1.]
 [ 1.]
 [ 1.]
 [ 1.]
 [ 1.]
 [ 1.]
 [ 1.]
 [ 1.]
 [ 1.]
 [ 1.]
 [ 1.]
 [ 1.]
 [ 1.]
 [ 1.]
 [ 1.]
 [ 1.]
 [ 1.]
 [ 1.]
 [ 1.]
 [ 1.]
 [ 1.]
 [ 1.]
 [ 1.]
 [ 1.]
 [ 1.]
 [ 1.]
 [ 1.]
 [ 1.]
 [ 1.]
 [ 1.]
 [ 1.]
 [ 1.]
 [ 1.]
 [ 1.]
 [ 1.]
 [ 1.]
 [ 1.]
 [ 1.]
 [ 1.]
 [ 1.]
 [ 1.]
 [ 1.]
 [ 1.]
 [ 1.]
 [ 1.]
 [ 1.]
 [ 1.]
 [ 1.]
 [ 1.]
 [ 1.]
 [ 1.]
 [ 1.]
 [ 1.]
 [ 1.]
 [ 1.]
 [ 1.]
 [ 1.]
 [ 1.]
 [ 1.]
 [ 1.]
 [ 1.]
 [ 1.]
 [ 1.]
 [ 1.]
 [ 1.]
 [ 1.]
 [ 1.]
 [ 1.]
 [ 1.]
 [ 1.]
 [ 1.]
 [ 1.]
 [ 1.]
 [ 1.]
 [ 1.]
 [ 1.]
 [ 1.]
 [ 1.]
 [ 1.]
 [ 1.]
 [ 1.]
 [ 1.]
 [ 1.]
 [ 1.]
 [ 1.]
 [ 1.]
 [ 1.]
 [ 1.]
 [ 1.]
 [ 1.]
 [ 1.]
 [ 1.]
 [ 1.]
 [ 1.]
 [ 1.]
 [ 1.]
 [ 1.]
 [ 2.]]
matrix is singular
x: 
[[ 2.]
 [ 1.]
 [ 1.]
 [ 1.]
 [ 1.]
 [ 1.]
 [ 1.]
 [ 1.]
 [ 1.]
 [ 1.]
 [ 1.]
 [ 1.]
 [ 1.]
 [ 1.]
 [ 1.]
 [ 1.]
 [ 1.]
 [ 1.]
 [ 1.]
 [ 1.]
 [ 1.]
 [ 1.]
 [ 1.]
 [ 1.]
 [ 1.]
 [ 1.]
 [ 1.]
 [ 1.]
 [ 1.]
 [ 1.]
 [ 1.]
 [ 1.]
 [ 1.]
 [ 1.]
 [ 1.]
 [ 1.]
 [ 1.]
 [ 1.]
 [ 1.]
 [ 1.]
 [ 1.]
 [ 1.]
 [ 1.]
 [ 1.]
 [ 1.]
 [ 1.]
 [ 1.]
 [ 1.]
 [ 1.]
 [ 1.]
 [ 1.]
 [ 1.]
 [ 1.]
 [ 1.]
 [ 1.]
 [ 1.]
 [ 1.]
 [ 1.]
 [ 1.]
 [ 1.]
 [ 1.]
 [ 1.]
 [ 1.]
 [ 1.]
 [ 1.]
 [ 1.]
 [ 1.]
 [ 1.]
 [ 1.]
 [ 1.]
 [ 1.]
 [ 1.]
 [ 1.]
 [ 1.]
 [ 1.]
 [ 1.]
 [ 1.]
 [ 1.]
 [ 1.]
 [ 1.]
 [ 1.]
 [ 1.]
 [ 1.]
 [ 1.]
 [ 1.]
 [ 1.]
 [ 1.]
 [ 1.]
 [ 1.]
 [ 1.]
 [ 1.]
 [ 1.]
 [ 1.]
 [ 1.]
 [ 1.]
 [ 1.]
 [ 1.]
 [ 1.]
 [ 1.]
 [ 2.]]




----------------------------------------
Ax : 
[[-5.]
 [-5.]
 [-4.]
 [-4.]
 [-4.]
 [-4.]
 [-4.]
 [-4.]
 [-4.]
 [-4.]
 [-4.]
 [-4.]
 [-4.]
 [-4.]
 [-4.]
 [-4.]
 [-4.]
 [-4.]
 [-4.]
 [-4.]
 [-4.]
 [-4.]
 [-4.]
 [-4.]
 [-4.]
 [-4.]
 [-4.]
 [-4.]
 [-4.]
 [-4.]
 [-4.]
 [-4.]
 [-4.]
 [-4.]
 [-4.]
 [-4.]
 [-4.]
 [-4.]
 [-4.]
 [-4.]
 [-4.]
 [-4.]
 [-4.]
 [-4.]
 [-4.]
 [-4.]
 [-4.]
 [-4.]
 [-4.]
 [-4.]
 [-4.]
 [-4.]
 [-4.]
 [-4.]
 [-4.]
 [-4.]
 [-4.]
 [-4.]
 [-4.]
 [-4.]
 [-4.]
 [-4.]
 [-4.]
 [-4.]
 [-4.]
 [-4.]
 [-4.]
 [-4.]
 [-4.]
 [-4.]
 [-4.]
 [-4.]
 [-4.]
 [-4.]
 [-4.]
 [-4.]
 [-4.]
 [-4.]
 [-4.]
 [-4.]
 [-4.]
 [-4.]
 [-4.]
 [-4.]
 [-4.]
 [-4.]
 [-4.]
 [-4.]
 [-4.]
 [-4.]
 [-4.]
 [-4.]
 [-4.]
 [-4.]
 [-4.]
 [-4.]
 [-4.]
 [-4.]
 [-5.]
 [-5.]]


residual 2.07307956019
Processing time is : 0.000009
